[[2921.53,2962.60,2998.07,3086.30,3632.75,3650.93,3673.13,3925.98],[2005.25,2071.80,2388.57,2411.78,2669.12,2691.72,2707.28,2730.53,2750.68,3045.20,3070.63,3210.98,3246.05,3317.95,3375.28,3434.60,3489.73,3513.08,3591.95,3618.10,3927.05,3959.53,3990.15],[2011.83,2028.85,2046.63,2063.35,2081.03,2094.32,2113.53,2329.82,2354.25,2368.53,2382.47,2397.72,2410.78,2426.58,2632.75,2653.70,2668.82,2681.57,2697.68,2714.57,2729.05,2757.18,2908.28,2932.05,2962.80,2977.75,2997.55,3013.80,3024.63,3039.55,3051.95,3069.65,3259.13,3278.30,3297.30,3311.90,3328.28,3339.98,3356.28,3371.83,3384.70,3403.10,3591.80,3614.18,3634.20,3644.45,3655.23,3668.83,3680.23,3693.43,3706.03,3723.10,3743.53,3837.05,3855.65,3869.93,3885.00,3906.68,3926.90,3942.30,3957.50,3975.15,3988.03,3999.25],[2002.80,2019.40,2037.48,2062.10,2079.18,2092.85,2308.68,2326.28,2339.25,2353.05,2366.80,2580.50,2599.98,2615.45,2634.60,2650.05,2664.80,2680.20,2697.35,2714.00,2888.25,2920.95,2943.00,2958.82,2984.25,3001.78,3017.48,3035.03,3053.58,3275.60,3296.75,3313.35,3329.65,3346.90,3363.93,3381.85,3585.68,3604.28,3624.25,3639.73,3653.38,3669.20,3684.75,3698.55,3717.73,3939.50,3954.10,3974.45,3987.93],[2023.35,2284.20,2303.50,2318.58,2334.10,2347.75,2361.15,2373.78,2389.78,2406.07,2428.75,2557.90,2573.90,2593.48,2612.95,2630.75,2645.60,2661.90,2681.65,2698.90,2712.10,2735.32,2926.12,2940.00,2951.65,2965.70,2978.78,2991.20,3006.73,3023.30,3037.58,3060.43,3177.90,3265.35,3278.05,3292.68,3306.40,3320.60,3334.93,3349.43,3366.15,3382.23,3585.88,3603.70,3623.35,3642.95,3658.15,3673.43,3690.23,3705.80,3828.45,3853.78,3869.30,3884.03,3899.00,3912.95,3928.68,3946.23,3960.75,3974.00,3986.73],[2028.88,2045.57,2062.38,2075.65,2090.03,2109.42,2126.65,2283.68,2297.05,2312.80,2330.97,2345.80,2359.85,2374.22,2387.48,2401.65,2421.43,2597.20,2612.22,2625.25,2639.70,2651.95,2666.63,2682.43,2695.28,2717.33,2735.15,2750.00,2937.75,2953.40,2967.43,2982.75,2994.18,3006.08,3018.78,3030.43,3043.43,3053.80,3069.25,3244.88,3258.00,3274.08,3289.90,3308.58,3325.43,3348.63,3369.83,3403.33,3542.70,3563.80,3579.40,3594.33,3608.83,3626.65,3643.18,3657.48,3670.30,3685.33,3703.00,3855.53,3870.20,3889.03,3903.50,3920.50,3943.90,3959.93,3973.38,3988.53],[2144.80,2232.53,2313.52,2349.10,3391.50],
[3481.50],
[2189.88,2233.97,3519.98,3761.10],
[2586.60,2694.40,3076.93,3326.35,3751.60,3832.65],[2206.68,2720.98,3270.38,3353.83,3451.48,3755.38,3834.50],[2125.10,2149.42,2165.60,2179.85,2198.25,2225.30,2247.43,2277.10,2305.65,2344.20,2462.22,2521.85,2556.48,2696.38,2747.72,2785.47,2816.03,2845.65,2895.48,2945.80,2986.53,3039.90,3068.60,3103.90,3132.13,3167.93,3194.43,3319.48,3342.25,3396.68,3443.38,3474.88,3504.73,3542.73,3573.30,3622.55,3660.88,3709.48,3737.30,3810.18,3844.28,3872.75,3903.43,3926.93,3963.73,3998.05],[2143.88,2164.65,2188.43,2270.45,2328.57,2356.45,2515.33,2552.75,2663.38,2726.03,2749.53,2885.03,3067.25,3133.13,3202.95,3245.73,3292.58,3360.28,3394.00,3483.48,3546.25,3618.05,3741.20,3763.70,3813.58,3865.55,3936.05,3965.30],
[2172.07,3153.88,3716.80,3893.85],
[2172.03,3664.70],
[2182.83],
[2173.78],
[2184.50],
[2175.60],
[2296.28,2318.47,2566.20,2585.88,2598.78,3325.60,3347.18,3540.45,3859.95],[2269.65,2600.73,2782.03,2792.38,3949.18],[2435.27,2820.15,3347.70,3376.20],[2656.70,2677.70,3275.63,3742.55],[2456.48,2735.65,2764.72],[2048.00,2071.10,2092.78,2936.33,2962.60,2987.38,3612.98,3795.83],[3097.98,3952.08],[2352.03,2766.50,3136.75],[2361.30],[2117.65,2131.03,2142.55,2277.18,2301.35,2364.95,2390.50,2409.08,2423.97,2463.03,2501.85,2582.88,2604.50,2620.50,2642.03,2660.05,2699.75,2722.03,2741.40,2798.57,2820.95,2854.45,2910.03,2935.85,2959.22,2984.88,3005.38,3040.08,3059.30,3100.43,3121.50,3139.88,3208.25,3244.20,3269.18,3289.88,3304.80,3326.90,3354.63,3376.45,3415.35,3454.70,3476.95,3536.63,3563.45,3587.10,3608.23,3645.45,3666.30,3685.28,3737.98,3766.03,3797.35,3845.50,3884.08,3906.10,3948.65,3971.23,3994.98],[2128.62,2141.07,2161.80,2279.93,2310.60,2331.15,2353.28,2370.88,2384.80,2399.68,2415.07,2435.15,2462.52,2490.45,2589.53,2617.03,2657.03,2684.85,2702.12,2725.68,2743.80,2801.65,2844.65,2876.53,2906.28,2938.60,2962.95,2982.07,2999.82,3016.88,3033.85,3053.30,3131.60,3158.33,3211.20,3276.50,3310.83,3342.58,3371.25,3394.85,3482.40,3506.53,3527.93,3560.80,3590.75,3612.65,3645.38,3677.55,3702.50,3727.50,3749.25,3839.45,3910.83,3944.78,3974.25],[2185.82,2361.10,2387.85,2721.10,2835.90,2877.80,2975.18,3036.08,3200.13,3307.30,3347.38,3492.98,3526.55,3588.08,3622.40,3649.28,3891.48,3958.50,3982.43],[2146.08,2170.45,2185.10,2208.22,2227.60,2280.60,2358.35,2464.70,2530.90,2674.80,2711.30,2737.28,2918.50,2964.22,2984.48,3005.08,3025.35,3183.80,3203.50,3224.63,3266.60,3287.88,3326.15,3523.95,3553.28,3596.28,3634.33,3654.20,3678.03,3848.73,3870.75,3899.13,3944.08,3977.80],[2003.50,2029.20,2052.05,2072.05,2132.45,2148.20,2161.33,2183.65,2213.30,2253.55,2297.22,2330.75,2346.82,2380.02,2419.48,2440.28,2472.18,2506.23,2535.58,2550.60,2569.28,2605.40,2634.65,2699.75,2751.23,2789.47,2829.12,2876.57,2897.62,2924.80,2958.43,2991.88,3024.90,3047.35,3075.78,3091.33,3135.13,3222.38,3252.68,3290.30,3319.10,3356.73,3375.50,3394.05,3417.83,3460.08,3500.95,3537.45,3579.23,3595.03,3616.33,3646.90,3664.98,3727.48,3750.38,3772.20,3798.28,3891.05,3918.73,3943.85,3976.70,3992.95],[2154.80,2180.82,2202.25,2395.85,2861.15,3007.30,3220.40,3401.73,3523.18,3562.83,3896.10,3915.40,3941.85],[2167.32,2211.57,2304.90,2356.08,2466.55,2659.68,2797.10,2861.62,3152.90,3195.58,3445.65,3522.80,3710.38,3770.85],[2208.38,2340.57,2523.55,2541.50,2675.62,2900.75,2947.15,2962.88,3088.65,3300.78,3332.23,3721.90],[2069.50,2143.03,2165.40,2218.72,2267.83,2383.88,2435.70,2543.80,2617.35,2731.57,2774.25,2943.97,3017.93,3043.05,3071.58,3142.95,3217.95,3238.13,3258.48,3280.55,3342.38,3377.55,3409.40,3428.08,3488.00,3577.50,3605.38,3647.03,3670.48,3696.23,3793.63,3997.63],[2146.40,2170.50,2205.07,2220.98,2367.45,2444.75,2544.20,2903.68,2938.00,2970.18,3121.90,3251.45,3278.80,3302.58,3359.15,3413.98,3605.83,3677.00,3736.58,3922.35,3939.33,3972.83],[2954.82,3141.33,3314.40,3485.50,3644.13,3686.05,3881.98],[2205.12,2564.93,2911.42,3334.38,3493.10,3537.58,3644.30,3767.05],[3426.38],[2436.40,2751.47,2782.65,2811.83,2834.53,3119.33,3147.48,3165.93,3194.40,3511.30,3538.30,3562.73,3811.28,3842.70,3866.95,3886.53,3903.45,3921.78,3938.30],[2726.38,2758.50,2789.35,2825.10,3086.45,3113.15,3132.50,3148.90,3167.63,3185.75,3487.08,3507.88,3533.33,3559.20,3884.55,3908.88],[2000.85,2039.87,2436.33,2739.25,2763.80,2794.38,2823.30,3090.35,3113.98,3139.93,3162.85,3476.73,3497.35,3530.05,3838.38,3865.00,3894.10,3927.30],[2135.75,2144.93,2161.68,2173.57,2181.73,2509.97,2518.70,2526.72,2544.50,2556.57,2571.18,2844.15,2859.12,2867.90,2878.97,2891.15,2902.35,2949.47,3218.45,3241.00,3252.95,3270.60,3284.38,3302.55,3594.83,3607.93,3618.05,3630.25,3655.40,3958.28,3976.63,3991.38],[2125.80,2134.70,2144.43,2154.02,2164.00,2174.18,2185.65,2204.07,2511.47,2535.07,2544.30,2554.32,2562.83,2574.03,2939.43,2949.95,2964.15,3312.03,3349.03,3361.53,3373.78,3394.00,3736.30,3746.28,3763.35,3782.35,3792.50,3820.28],[2052.33,2066.92,2129.42,2140.95,2149.27,2171.47,2182.65,2216.18,2512.35,2522.68,2562.47,2583.50,2595.50,2606.35,2617.50,2630.23,2680.00,2995.88,3010.68,3024.33,3045.70,3056.45,3069.73,3087.28,3331.00,3343.50,3402.43,3429.85,3447.10,3465.68,3499.18,3510.75,3781.98,3853.08,3864.70,3879.78,3910.18,3922.30,3941.75,3963.13],[2140.50,2155.03,2163.25,2172.07,2186.72,2195.75,2212.65,2250.50,2449.83,2480.38,2494.28,2504.30,2516.50,2525.78,2534.98,2544.75,2558.70,2571.32,2603.75,2834.20,2852.90,2867.97,2881.58,2896.80,2914.53,2924.25,2937.40,2955.05,2966.28,2982.58,2992.97,3001.55,3023.60,3045.95,3338.98,3365.15,3389.93,3406.30,3416.50,3430.33,3441.28,3456.08,3466.68,3485.38,3494.33,3503.45,3794.70,3821.33,3860.60,3881.00,3894.55,3904.40,3913.68,3926.35,3937.45,3961.55,3978.85,3991.70],[2018.78,2034.98,2053.93,2065.45,2078.47,2142.88,2152.75,2160.97,2180.82,2189.12,2204.35,2217.53,2251.72,2589.53,2643.80,2662.48,2681.10,2698.48,2722.72,2735.72,2748.38,2764.78,2779.90,2991.13,3011.75,3028.83,3085.03,3103.93,3117.45,3130.15,3147.53,3172.08,3187.10,3536.85,3547.28,3564.15,3576.25,3595.15,3604.03,3619.43,3633.60,3645.18,3659.18,3893.20,3912.00,3932.03,3944.45,3982.20,3999.90],[2053.12,2074.20,2141.10,2157.18,2168.45,2181.38,2194.97,2209.80,2222.05,2246.53,2496.55,2505.62,2574.55,2587.98,2600.25,2616.13,2635.70,2648.10,2664.18,2675.32,2967.47,2984.85,3000.28,3016.88,3033.75,3053.18,3084.73,3096.50,3120.58,3375.93,3446.38,3459.38,3472.05,3498.23,3515.93,3532.53,3554.50,3788.18,3801.30,3851.08,3873.35,3883.10,3902.68,3921.70,3941.23,3951.35,3962.63,3972.93],
[2921.53,2962.60,2998.07,3086.30,3632.75,3650.93,3673.13,3925.98],[2005.25,2071.80,2388.57,2411.78,2669.12,2691.72,2707.28,2730.53,2750.68,3045.20,3070.63,3210.98,3246.05,3317.95,3375.28,3434.60,3489.73,3513.08,3591.95,3618.10,3927.05,3959.53,3990.15],[2011.83,2028.85,2046.63,2063.35,2081.03,2094.32,2113.53,2329.82,2354.25,2368.53,2382.47,2397.72,2410.78,2426.58,2632.75,2653.70,2668.82,2681.57,2697.68,2714.57,2729.05,2757.18,2908.28,2932.05,2962.80,2977.75,2997.55,3013.80,3024.63,3039.55,3051.95,3069.65,3259.13,3278.30,3297.30,3311.90,3328.28,3339.98,3356.28,3371.83,3384.70,3403.10,3591.80,3614.18,3634.20,3644.45,3655.23,3668.83,3680.23,3693.43,3706.03,3723.10,3743.53,3837.05,3855.65,3869.93,3885.00,3906.68,3926.90,3942.30,3957.50,3975.15,3988.03,3999.25],[2002.80,2019.40,2037.48,2062.10,2079.18,2092.85,2308.68,2326.28,2339.25,2353.05,2366.80,2580.50,2599.98,2615.45,2634.60,2650.05,2664.80,2680.20,2697.35,2714.00,2888.25,2920.95,2943.00,2958.82,2984.25,3001.78,3017.48,3035.03,3053.58,3275.60,3296.75,3313.35,3329.65,3346.90,3363.93,3381.85,3585.68,3604.28,3624.25,3639.73,3653.38,3669.20,3684.75,3698.55,3717.73,3939.50,3954.10,3974.45,3987.93],[2023.35,2284.20,2303.50,2318.58,2334.10,2347.75,2361.15,2373.78,2389.78,2406.07,2428.75,2557.90,2573.90,2593.48,2612.95,2630.75,2645.60,2661.90,2681.65,2698.90,2712.10,2735.32,2926.12,2940.00,2951.65,2965.70,2978.78,2991.20,3006.73,3023.30,3037.58,3060.43,3177.90,3265.35,3278.05,3292.68,3306.40,3320.60,3334.93,3349.43,3366.15,3382.23,3585.88,3603.70,3623.35,3642.95,3658.15,3673.43,3690.23,3705.80,3828.45,3853.78,3869.30,3884.03,3899.00,3912.95,3928.68,3946.23,3960.75,3974.00,3986.73],[2028.88,2045.57,2062.38,2075.65,2090.03,2109.42,2126.65,2283.68,2297.05,2312.80,2330.97,2345.80,2359.85,2374.22,2387.48,2401.65,2421.43,2597.20,2612.22,2625.25,2639.70,2651.95,2666.63,2682.43,2695.28,2717.33,2735.15,2750.00,2937.75,2953.40,2967.43,2982.75,2994.18,3006.08,3018.78,3030.43,3043.43,3053.80,3069.25,3244.88,3258.00,3274.08,3289.90,3308.58,3325.43,3348.63,3369.83,3403.33,3542.70,3563.80,3579.40,3594.33,3608.83,3626.65,3643.18,3657.48,3670.30,3685.33,3703.00,3855.53,3870.20,3889.03,3903.50,3920.50,3943.90,3959.93,3973.38,3988.53],[2144.80,2232.53,2313.52,2349.10,3391.50],
[3481.50],
[2189.88,2233.97,3519.98,3761.10],
[2586.60,2694.40,3076.93,3326.35,3751.60,3832.65],[2206.68,2720.98,3270.38,3353.83,3451.48,3755.38,3834.50],[2125.10,2149.42,2165.60,2179.85,2198.25,2225.30,2247.43,2277.10,2305.65,2344.20,2462.22,2521.85,2556.48,2696.38,2747.72,2785.47,2816.03,2845.65,2895.48,2945.80,2986.53,3039.90,3068.60,3103.90,3132.13,3167.93,3194.43,3319.48,3342.25,3396.68,3443.38,3474.88,3504.73,3542.73,3573.30,3622.55,3660.88,3709.48,3737.30,3810.18,3844.28,3872.75,3903.43,3926.93,3963.73,3998.05],[2143.88,2164.65,2188.43,2270.45,2328.57,2356.45,2515.33,2552.75,2663.38,2726.03,2749.53,2885.03,3067.25,3133.13,3202.95,3245.73,3292.58,3360.28,3394.00,3483.48,3546.25,3618.05,3741.20,3763.70,3813.58,3865.55,3936.05,3965.30],
[2172.07,3153.88,3716.80,3893.85],
[2172.03,3664.70],
[2182.83],
[2173.78],
[2184.50],
[2175.60],
[2296.28,2318.47,2566.20,2585.88,2598.78,3325.60,3347.18,3540.45,3859.95],[2269.65,2600.73,2782.03,2792.38,3949.18],[2435.27,2820.15,3347.70,3376.20],[2656.70,2677.70,3275.63,3742.55],[2456.48,2735.65,2764.72],[2048.00,2071.10,2092.78,2936.33,2962.60,2987.38,3612.98,3795.83],[3097.98,3952.08],[2352.03,2766.50,3136.75],[2361.30],[2117.65,2131.03,2142.55,2277.18,2301.35,2364.95,2390.50,2409.08,2423.97,2463.03,2501.85,2582.88,2604.50,2620.50,2642.03,2660.05,2699.75,2722.03,2741.40,2798.57,2820.95,2854.45,2910.03,2935.85,2959.22,2984.88,3005.38,3040.08,3059.30,3100.43,3121.50,3139.88,3208.25,3244.20,3269.18,3289.88,3304.80,3326.90,3354.63,3376.45,3415.35,3454.70,3476.95,3536.63,3563.45,3587.10,3608.23,3645.45,3666.30,3685.28,3737.98,3766.03,3797.35,3845.50,3884.08,3906.10,3948.65,3971.23,3994.98],[2128.62,2141.07,2161.80,2279.93,2310.60,2331.15,2353.28,2370.88,2384.80,2399.68,2415.07,2435.15,2462.52,2490.45,2589.53,2617.03,2657.03,2684.85,2702.12,2725.68,2743.80,2801.65,2844.65,2876.53,2906.28,2938.60,2962.95,2982.07,2999.82,3016.88,3033.85,3053.30,3131.60,3158.33,3211.20,3276.50,3310.83,3342.58,3371.25,3394.85,3482.40,3506.53,3527.93,3560.80,3590.75,3612.65,3645.38,3677.55,3702.50,3727.50,3749.25,3839.45,3910.83,3944.78,3974.25],[2185.82,2361.10,2387.85,2721.10,2835.90,2877.80,2975.18,3036.08,3200.13,3307.30,3347.38,3492.98,3526.55,3588.08,3622.40,3649.28,3891.48,3958.50,3982.43],[2146.08,2170.45,2185.10,2208.22,2227.60,2280.60,2358.35,2464.70,2530.90,2674.80,2711.30,2737.28,2918.50,2964.22,2984.48,3005.08,3025.35,3183.80,3203.50,3224.63,3266.60,3287.88,3326.15,3523.95,3553.28,3596.28,3634.33,3654.20,3678.03,3848.73,3870.75,3899.13,3944.08,3977.80],[2003.50,2029.20,2052.05,2072.05,2132.45,2148.20,2161.33,2183.65,2213.30,2253.55,2297.22,2330.75,2346.82,2380.02,2419.48,2440.28,2472.18,2506.23,2535.58,2550.60,2569.28,2605.40,2634.65,2699.75,2751.23,2789.47,2829.12,2876.57,2897.62,2924.80,2958.43,2991.88,3024.90,3047.35,3075.78,3091.33,3135.13,3222.38,3252.68,3290.30,3319.10,3356.73,3375.50,3394.05,3417.83,3460.08,3500.95,3537.45,3579.23,3595.03,3616.33,3646.90,3664.98,3727.48,3750.38,3772.20,3798.28,3891.05,3918.73,3943.85,3976.70,3992.95],[2154.80,2180.82,2202.25,2395.85,2861.15,3007.30,3220.40,3401.73,3523.18,3562.83,3896.10,3915.40,3941.85],[2167.32,2211.57,2304.90,2356.08,2466.55,2659.68,2797.10,2861.62,3152.90,3195.58,3445.65,3522.80,3710.38,3770.85],[2208.38,2340.57,2523.55,2541.50,2675.62,2900.75,2947.15,2962.88,3088.65,3300.78,3332.23,3721.90],[2069.50,2143.03,2165.40,2218.72,2267.83,2383.88,2435.70,2543.80,2617.35,2731.57,2774.25,2943.97,3017.93,3043.05,3071.58,3142.95,3217.95,3238.13,3258.48,3280.55,3342.38,3377.55,3409.40,3428.08,3488.00,3577.50,3605.38,3647.03,3670.48,3696.23,3793.63,3997.63],[2146.40,2170.50,2205.07,2220.98,2367.45,2444.75,2544.20,2903.68,2938.00,2970.18,3121.90,3251.45,3278.80,3302.58,3359.15,3413.98,3605.83,3677.00,3736.58,3922.35,3939.33,3972.83],[2954.82,3141.33,3314.40,3485.50,3644.13,3686.05,3881.98],[2205.12,2564.93,2911.42,3334.38,3493.10,3537.58,3644.30,3767.05],[3426.38],[2436.40,2751.47,2782.65,2811.83,2834.53,3119.33,3147.48,3165.93,3194.40,3511.30,3538.30,3562.73,3811.28,3842.70,3866.95,3886.53,3903.45,3921.78,3938.30],[2726.38,2758.50,2789.35,2825.10,3086.45,3113.15,3132.50,3148.90,3167.63,3185.75,3487.08,3507.88,3533.33,3559.20,3884.55,3908.88],[2000.85,2039.87,2436.33,2739.25,2763.80,2794.38,2823.30,3090.35,3113.98,3139.93,3162.85,3476.73,3497.35,3530.05,3838.38,3865.00,3894.10,3927.30],[2135.75,2144.93,2161.68,2173.57,2181.73,2509.97,2518.70,2526.72,2544.50,2556.57,2571.18,2844.15,2859.12,2867.90,2878.97,2891.15,2902.35,2949.47,3218.45,3241.00,3252.95,3270.60,3284.38,3302.55,3594.83,3607.93,3618.05,3630.25,3655.40,3958.28,3976.63,3991.38],[2125.80,2134.70,2144.43,2154.02,2164.00,2174.18,2185.65,2204.07,2511.47,2535.07,2544.30,2554.32,2562.83,2574.03,2939.43,2949.95,2964.15,3312.03,3349.03,3361.53,3373.78,3394.00,3736.30,3746.28,3763.35,3782.35,3792.50,3820.28],[2052.33,2066.92,2129.42,2140.95,2149.27,2171.47,2182.65,2216.18,2512.35,2522.68,2562.47,2583.50,2595.50,2606.35,2617.50,2630.23,2680.00,2995.88,3010.68,3024.33,3045.70,3056.45,3069.73,3087.28,3331.00,3343.50,3402.43,3429.85,3447.10,3465.68,3499.18,3510.75,3781.98,3853.08,3864.70,3879.78,3910.18,3922.30,3941.75,3963.13],[2140.50,2155.03,2163.25,2172.07,2186.72,2195.75,2212.65,2250.50,2449.83,2480.38,2494.28,2504.30,2516.50,2525.78,2534.98,2544.75,2558.70,2571.32,2603.75,2834.20,2852.90,2867.97,2881.58,2896.80,2914.53,2924.25,2937.40,2955.05,2966.28,2982.58,2992.97,3001.55,3023.60,3045.95,3338.98,3365.15,3389.93,3406.30,3416.50,3430.33,3441.28,3456.08,3466.68,3485.38,3494.33,3503.45,3794.70,3821.33,3860.60,3881.00,3894.55,3904.40,3913.68,3926.35,3937.45,3961.55,3978.85,3991.70],[2018.78,2034.98,2053.93,2065.45,2078.47,2142.88,2152.75,2160.97,2180.82,2189.12,2204.35,2217.53,2251.72,2589.53,2643.80,2662.48,2681.10,2698.48,2722.72,2735.72,2748.38,2764.78,2779.90,2991.13,3011.75,3028.83,3085.03,3103.93,3117.45,3130.15,3147.53,3172.08,3187.10,3536.85,3547.28,3564.15,3576.25,3595.15,3604.03,3619.43,3633.60,3645.18,3659.18,3893.20,3912.00,3932.03,3944.45,3982.20,3999.90],[2053.12,2074.20,2141.10,2157.18,2168.45,2181.38,2194.97,2209.80,2222.05,2246.53,2496.55,2505.62,2574.55,2587.98,2600.25,2616.13,2635.70,2648.10,2664.18,2675.32,2967.47,2984.85,3000.28,3016.88,3033.75,3053.18,3084.73,3096.50,3120.58,3375.93,3446.38,3459.38,3472.05,3498.23,3515.93,3532.53,3554.50,3788.18,3801.30,3851.08,3873.35,3883.10,3902.68,3921.70,3941.23,3951.35,3962.63,3972.93]]