[[2306.82,2348.30,2378.25,2406.78,3005.00,3025.08,3042.08,3057.83,3073.55,3091.28,3411.68,3652.75],[2000.65,2017.20,2061.10,2078.08,2090.85,2346.78,2360.57,2373.23,2385.25,2395.68,2408.93,2421.58,2448.18,2589.12,2609.93,2622.47,2640.28,2657.05,2675.08,2688.58,2708.12,2736.58,2910.30,2947.80,2962.47,2983.65,2999.43,3011.18,3023.05,3037.25,3049.40,3065.60,3081.85,3186.43,3201.08,3215.23,3230.33,3244.50,3259.88,3274.63,3291.20,3311.90,3330.75,3363.60,3382.68,3406.60,3524.18,3539.15,3552.95,3570.90,3587.68,3602.65,3616.23,3635.85,3651.13,3663.35,3679.08,3890.60,3908.30,3921.95,3934.20,3949.15,3964.80,3978.50,3991.95],[2092.85,2113.53,2297.88,2310.93,2325.73,2341.60,2353.85,2369.23,2384.30,2396.68,2411.75,2430.45,2451.68,2570.08,2592.58,2969.92,2985.45,2997.83,3014.15,3028.05,3044.53,3057.35,3068.13,3080.45,3272.33,3284.85,3298.70,3312.08,3325.73,3350.38,3369.78,3384.23,3402.08,3420.90,3656.63,3925.18,3942.10,3959.28,3978.45,3995.73],
[2003.15,2031.03,2058.20,2076.45,2092.10,2113.25,2305.58,2320.08,2335.57,2349.35,2361.60,2375.08,2387.07,2399.82,2414.70,2429.70,2625.40,2640.25,2656.97,2673.80,2689.95,2715.78,2731.95,2936.83,2952.88,2967.70,2981.32,2994.45,3011.43,3024.70,3039.38,3052.53,3067.93,3273.05,3293.48,3327.35,3358.08,3379.70,3406.48,3521.38,3534.38,3548.25,3567.63,3584.08,3595.53,3609.55,3623.58,3646.70,3670.13,3904.95,3922.40,3935.53,3948.60,3963.40,3976.48,3990.70],
[2080.10,2398.60,2413.30,2437.00,2672.00,2686.30,2704.25,2994.18,3010.28,3025.85,3040.10,3053.60,3077.33,3207.50,3231.50,3251.88,3273.15,3305.43,3320.35,3339.03,3359.48,3380.38,3673.35,3889.65,3907.53,3927.15,3943.48,3966.18,3983.80],
[2075.70,2091.52,2114.05,2296.35,2315.03,2333.18,2346.97,2363.22,2375.93,2388.12,2402.33,2416.90,2432.30,2495.97,2513.30,2539.90,2559.18,2575.75,2593.22,2612.47,2626.43,2648.15,2667.28,2685.15,2927.38,2946.25,2964.93,2986.35,3000.48,3012.90,3024.23,3035.53,3046.18,3060.08,3175.48,3257.93,3275.08,3290.78,3305.53,3320.50,3333.70,3346.28,3358.25,3371.63,3385.33,3503.98,3523.53,3542.00,3557.63,3575.85,3588.83,3602.78,3615.43,3628.33,3649.33,3667.18,3687.38,3834.28,3859.68,3877.38,3889.35,3901.65,3913.73,3930.68,3947.70,3960.65,3972.70,3985.53,3995.73],
[2158.35,2175.85,2307.33,3777.00,3843.83],
[2161.35,2299.45,2882.97,3367.00,3843.33,3927.45],
[2165.48,2180.12,2198.10,2228.62,2250.68,2349.78,2769.13,2785.43,3273.95,3374.03,3667.60,3844.75,3869.13],
[2353.53,2801.22,2888.35,3314.30,3356.00,3822.33,3899.43],
[2016.68,2159.20,2175.90,2196.80,2264.32,2301.70,2330.43,2369.15,2401.78,2446.18,2527.25,2569.20,2602.80,2624.45,2675.10,2706.08,2745.10,2843.15,2906.55,2928.63,2975.75,3020.95,3054.95,3097.33,3135.18,3174.78,3240.20,3268.78,3416.50,3439.38,3468.80,3510.40,3574.98,3604.50,3626.88,3668.35,3790.13,3829.78,3872.03,3946.95,3983.90],
[2175.00,2754.45,2968.78,3093.55,3620.90],
[2168.60,2396.85,2662.38,3027.48],
[2181.75,2394.62,3926.25],
[2767.20],
[2886.88,2982.78,3037.03,3126.63],
[2470.93,2545.55,2576.00,2988.53,3016.13,3066.38,3124.15,3442.78],
[2490.12,2522.12,2539.43,2581.08,2600.95,2879.70,2914.05,2940.75,2964.05,2985.65,3009.93,3028.25,3067.13,3111.75,3138.73,3457.45,3480.68,3516.85,3532.00,3572.95,3631.65,3688.15,3985.95],
[2346.50,2374.90,2461.53,2495.47,2547.73,2567.55,2591.35,2900.40,2930.82,2964.38,2995.60,3045.05,3073.35,3106.45,3138.00,3415.98,3446.53,3470.88,3604.05,3627.70,3650.18,3904.18,3928.60,3960.18],
[2360.70,2423.50,2461.95,2495.82,2514.20,2539.43,2562.65,2581.63,2602.38,2848.03,2901.60,2929.23,2998.38,3018.33,3050.85,3095.28,3126.08,3396.90,3434.88,3478.53,3536.78,3582.93,3633.93,3675.78,3946.88,3973.80],
[2324.12,2529.00,2580.75,2855.50,2927.20,2966.28,2997.32,3030.28,3057.68,3094.85,3105.98,3138.35,3442.68,3479.48,3509.03,3538.40,3558.95,3587.63,3630.15,3664.05,3702.88,3941.65],
[2311.05,2341.00,2517.43,2549.83,2568.60,2592.22,2806.88,2844.03,2863.78,2901.85,2914.45,2962.20,2996.08,3022.78,3041.85,3055.08,3079.10,3107.20,3137.98,3336.43,3404.68,3442.15,3463.23,3499.98,3527.88,3591.00,3614.98,3634.95,3658.78,3694.95,3906.65,3968.35,3985.10],
[2314.75,2345.85,2409.72,2463.62,2513.45,2538.80,2570.70,2590.35,2867.45,2942.80,2969.90,2998.60,3026.38,3046.40,3069.08,3090.08,3110.60,3134.83,3424.78,3453.18,3491.08,3536.48,3563.70,3584.63,3610.15,3656.40,3950.20,3969.45,3989.05],
[2226.08,2457.78,2480.22,3004.75,3018.25,3395.93,3732.93,3772.28],
[3028.63,3366.85,3383.83,3405.30],
[2048.42,3385.25,3411.25,3527.80,3549.33,3781.53,3803.43,3823.40],
[3247.18],
[2149.27,2536.03,2985.78,3837.85],
[2004.30,2023.73,2521.53,3136.73,3195.60,3212.75,3332.18,3560.90],
[2257.10,2826.60,2880.93,3781.78],
[2120.65,2132.40,2146.57,2317.93,2341.32,2376.10,2398.73,2420.55,2444.83,2466.40,2484.78,2508.88,2532.78,2555.85,2576.12,2596.95,2617.85,2637.25,2655.40,2674.43,2696.12,2713.70,2733.25,2799.65,2973.88,3000.18,3020.08,3045.53,3072.58,3091.15,3117.53,3184.30,3204.63,3227.18,3263.48,3285.35,3327.45,3359.90,3380.15,3410.30,3552.23,3568.23,3586.15,3604.45,3622.18,3639.38,3660.15,3681.80,3784.75,3965.23,3998.48],
[2171.78,2434.67,2890.05,3006.05,3028.55,3070.75,3213.95,3241.13,3273.58,3303.33,3366.28,3389.30,3848.80,3881.88,3956.25],
[2008.05,2137.20,2156.95,2171.65,2230.35,2299.70,2331.30,2371.03,2415.30,2442.18,2477.47,2619.62,2650.23,2689.82,2718.90,2807.18,2852.60,2881.38,2900.97,2918.38,2954.40,2976.75,3016.23,3075.83,3095.33,3162.03,3206.35,3228.98,3253.88,3274.63,3328.78,3401.45,3430.65,3480.98,3645.50,3664.80,3687.55,3717.83,3747.93,3832.95,3860.28,3876.75,3903.15,3927.13,3940.78,3975.23,3994.38],
[2005.25,2136.97,2154.45,2169.68,2184.73,2229.80,2249.47,2319.15,2366.78,2393.43,2420.90,2442.28,2589.05,2651.62,2682.20,2701.33,2729.47,2812.23,2864.12,2891.48,2940.93,2964.18,3008.00,3030.43,3091.18,3202.83,3228.55,3253.65,3272.10,3345.18,3372.95,3402.83,3429.78,3461.78,3488.50,3646.28,3683.43,3712.70,3737.20,3871.00,3895.48,3948.18,3980.18],
[2147.72,2165.90,2182.05,2237.33,2661.25,2690.72,2826.55,3034.08,3060.68,3335.58,3770.35,3818.83,3846.55,3871.40],
[2161.68,2855.42,2967.30,3052.40,3253.33,3294.28,3878.55,3946.35],
[2147.53,2166.90,2424.20,2465.47,2627.05,2665.53,2693.70,2894.22,3043.98,3083.73,3227.70,3256.55,3287.08,3323.93,3393.65,3739.28,3930.13,3995.93],
[2153.38,2166.03,2201.78,2242.20,2319.25,2721.43,2744.60,2779.90,2904.72,2922.80,2942.25,3002.23,3023.35,3084.83,3104.83,3194.75,3283.38,3400.93,3441.30,3719.33,3744.78,3887.10,3915.05,3971.95],
[2177.07,2620.53,2838.33,2863.75,2892.90,3219.43,3248.20,3267.63,3492.88,3979.30],	
[2146.78,2168.65,2463.97,2759.78,2960.38,3219.85,3248.93,3319.35,3381.80,3875.95,3893.10,3917.65],
[2153.62,2671.38,2698.83,2892.35,2994.40,3062.58,3238.95,3282.73,3316.28,3420.18,3914.18,3930.35,3996.30],
[3268.08],
[2457.28,2497.75,2544.20,2580.70,2616.88,2648.10,2676.33,2705.22,2732.93,2768.08,2796.43,2828.20,3134.48,3163.30,3198.38,3546.50,3604.98,3865.35,3896.65,3923.68,3949.63,3976.65],
[2047.30,2533.50,2571.10,2597.83,2626.32,2649.88,2674.97,2701.45,2735.50,2781.78,3069.83,3093.05,3129.95,3166.08,3558.55,3582.23,3607.50,3861.18,3886.68,3908.28,3926.78,3948.23,3993.45],
[2066.78,2505.03,2587.05,2626.75,2659.68,2688.97,2720.25,2792.32,3111.35,3146.70,3174.88,3551.48,3581.90,3895.98,3927.00,3966.33,3997.03],
[2121.18,2138.08,2151.62,2159.85,2173.85,2860.60,2892.78,2907.05,3220.38,3234.88,3244.13,3255.93,3266.13,3274.50,3295.93,3642.38,3655.03,3676.28,3718.58],
[2000.15,2123.95,2136.78,2150.22,2161.60,2173.78,2219.65,2529.72,2542.80,2553.50,2570.05,2588.62,2602.80,2887.88,2902.88,2915.68,2935.00,2948.60,2975.18,3004.20,3212.08,3232.80,3342.85,3354.23,3371.85,3383.75,3399.85,3427.38,3706.23,3751.78,3764.45,3784.80,3794.95,3805.05,3814.58,3828.43,3844.15,3859.03],
[2128.55,2141.48,2157.65,2169.48,2181.27,2212.47,2228.47,2502.95,2514.00,2526.08,2538.00,2550.25,2575.47,2586.08,2878.97,2893.80,2907.35,2918.03,2932.80,2953.47,2964.22,3000.95,3016.55,3058.08,3152.88,3167.95,3346.03,3364.08,3376.13,3391.93,3407.68,3432.60,3826.88,3836.73,3847.20,3866.48,3886.88,3895.88,3908.43,3940.63],
[2011.00,2031.18,2128.53,2144.03,2162.75,2173.62,2183.32,2191.35,2212.22,2239.90,2541.80,2556.12,2572.93,2584.43,2593.68,2610.57,2626.05,2647.00,2663.17,2676.15,2688.15,2700.35,2938.22,2959.68,2969.30,2982.28,2992.93,3008.15,3018.60,3046.35,3060.13,3071.23,3117.68,3137.98,3375.25,3388.10,3414.53,3426.10,3437.05,3449.90,3459.90,3475.65,3495.43,3508.20,3522.90,3536.63,3564.23,3646.63,3658.33,3673.05,3696.45,3709.38,3718.18,3739.40],
[2022.65,2037.68,2060.07,2130.38,2144.07,2154.30,2173.50,2185.00,2196.58,2209.88,2227.03,2240.47,2531.07,2541.95,2551.45,2562.40,2577.83,2599.30,2609.62,2621.42,2633.35,2648.80,2661.03,2673.93,2697.55,2911.72,2926.07,2936.57,2948.08,2958.32,2971.80,2983.78,2995.93,3018.90,3038.35,3053.30,3379.35,3399.30,3456.95,3488.90,3505.15,3524.08,3540.40,3757.50,3778.35,3796.00,3814.13,3883.50,3898.18,3924.50,3944.60,3954.75,3964.03,3977.65,3992.33],
[2129.70,2144.60,2160.12,2170.83,2187.47,2196.65,2208.67,2218.85,2227.45,2525.93,2542.50,2554.23,2568.85,2581.68,2595.30,2612.00,2630.60,2848.17,2925.85,2943.45,2956.03,2966.12,2974.98,2984.88,2995.75,3005.33,3016.83,3026.25,3036.88,3052.58,3064.70,3078.88,3097.48,3114.33,3248.38,3269.43,3284.60,3310.28,3381.03,3400.03,3423.65,3483.23,3496.68,3514.10,3535.05,3552.18,3679.53,3704.40,3828.00,3842.25,3854.05,3865.23,3875.50,3893.00,3903.98,3917.15,3933.03,3960.50],
[2306.82,2348.30,2378.25,2406.78,3005.00,3025.08,3042.08,3057.83,3073.55,3091.28,3411.68,3652.75],[2000.65,2017.20,2061.10,2078.08,2090.85,2346.78,2360.57,2373.23,2385.25,2395.68,2408.93,2421.58,2448.18,2589.12,2609.93,2622.47,2640.28,2657.05,2675.08,2688.58,2708.12,2736.58,2910.30,2947.80,2962.47,2983.65,2999.43,3011.18,3023.05,3037.25,3049.40,3065.60,3081.85,3186.43,3201.08,3215.23,3230.33,3244.50,3259.88,3274.63,3291.20,3311.90,3330.75,3363.60,3382.68,3406.60,3524.18,3539.15,3552.95,3570.90,3587.68,3602.65,3616.23,3635.85,3651.13,3663.35,3679.08,3890.60,3908.30,3921.95,3934.20,3949.15,3964.80,3978.50,3991.95],[2092.85,2113.53,2297.88,2310.93,2325.73,2341.60,2353.85,2369.23,2384.30,2396.68,2411.75,2430.45,2451.68,2570.08,2592.58,2969.92,2985.45,2997.83,3014.15,3028.05,3044.53,3057.35,3068.13,3080.45,3272.33,3284.85,3298.70,3312.08,3325.73,3350.38,3369.78,3384.23,3402.08,3420.90,3656.63,3925.18,3942.10,3959.28,3978.45,3995.73],
[2003.15,2031.03,2058.20,2076.45,2092.10,2113.25,2305.58,2320.08,2335.57,2349.35,2361.60,2375.08,2387.07,2399.82,2414.70,2429.70,2625.40,2640.25,2656.97,2673.80,2689.95,2715.78,2731.95,2936.83,2952.88,2967.70,2981.32,2994.45,3011.43,3024.70,3039.38,3052.53,3067.93,3273.05,3293.48,3327.35,3358.08,3379.70,3406.48,3521.38,3534.38,3548.25,3567.63,3584.08,3595.53,3609.55,3623.58,3646.70,3670.13,3904.95,3922.40,3935.53,3948.60,3963.40,3976.48,3990.70],
[2080.10,2398.60,2413.30,2437.00,2672.00,2686.30,2704.25,2994.18,3010.28,3025.85,3040.10,3053.60,3077.33,3207.50,3231.50,3251.88,3273.15,3305.43,3320.35,3339.03,3359.48,3380.38,3673.35,3889.65,3907.53,3927.15,3943.48,3966.18,3983.80],
[2075.70,2091.52,2114.05,2296.35,2315.03,2333.18,2346.97,2363.22,2375.93,2388.12,2402.33,2416.90,2432.30,2495.97,2513.30,2539.90,2559.18,2575.75,2593.22,2612.47,2626.43,2648.15,2667.28,2685.15,2927.38,2946.25,2964.93,2986.35,3000.48,3012.90,3024.23,3035.53,3046.18,3060.08,3175.48,3257.93,3275.08,3290.78,3305.53,3320.50,3333.70,3346.28,3358.25,3371.63,3385.33,3503.98,3523.53,3542.00,3557.63,3575.85,3588.83,3602.78,3615.43,3628.33,3649.33,3667.18,3687.38,3834.28,3859.68,3877.38,3889.35,3901.65,3913.73,3930.68,3947.70,3960.65,3972.70,3985.53,3995.73],
[2158.35,2175.85,2307.33,3777.00,3843.83],
[2161.35,2299.45,2882.97,3367.00,3843.33,3927.45],
[2165.48,2180.12,2198.10,2228.62,2250.68,2349.78,2769.13,2785.43,3273.95,3374.03,3667.60,3844.75,3869.13],
[2353.53,2801.22,2888.35,3314.30,3356.00,3822.33,3899.43],
[2016.68,2159.20,2175.90,2196.80,2264.32,2301.70,2330.43,2369.15,2401.78,2446.18,2527.25,2569.20,2602.80,2624.45,2675.10,2706.08,2745.10,2843.15,2906.55,2928.63,2975.75,3020.95,3054.95,3097.33,3135.18,3174.78,3240.20,3268.78,3416.50,3439.38,3468.80,3510.40,3574.98,3604.50,3626.88,3668.35,3790.13,3829.78,3872.03,3946.95,3983.90],
[2175.00,2754.45,2968.78,3093.55,3620.90],
[2168.60,2396.85,2662.38,3027.48],
[2181.75,2394.62,3926.25],
[2767.20],
[2886.88,2982.78,3037.03,3126.63],
[2470.93,2545.55,2576.00,2988.53,3016.13,3066.38,3124.15,3442.78],
[2490.12,2522.12,2539.43,2581.08,2600.95,2879.70,2914.05,2940.75,2964.05,2985.65,3009.93,3028.25,3067.13,3111.75,3138.73,3457.45,3480.68,3516.85,3532.00,3572.95,3631.65,3688.15,3985.95],
[2346.50,2374.90,2461.53,2495.47,2547.73,2567.55,2591.35,2900.40,2930.82,2964.38,2995.60,3045.05,3073.35,3106.45,3138.00,3415.98,3446.53,3470.88,3604.05,3627.70,3650.18,3904.18,3928.60,3960.18],
[2360.70,2423.50,2461.95,2495.82,2514.20,2539.43,2562.65,2581.63,2602.38,2848.03,2901.60,2929.23,2998.38,3018.33,3050.85,3095.28,3126.08,3396.90,3434.88,3478.53,3536.78,3582.93,3633.93,3675.78,3946.88,3973.80],
[2324.12,2529.00,2580.75,2855.50,2927.20,2966.28,2997.32,3030.28,3057.68,3094.85,3105.98,3138.35,3442.68,3479.48,3509.03,3538.40,3558.95,3587.63,3630.15,3664.05,3702.88,3941.65],
[2311.05,2341.00,2517.43,2549.83,2568.60,2592.22,2806.88,2844.03,2863.78,2901.85,2914.45,2962.20,2996.08,3022.78,3041.85,3055.08,3079.10,3107.20,3137.98,3336.43,3404.68,3442.15,3463.23,3499.98,3527.88,3591.00,3614.98,3634.95,3658.78,3694.95,3906.65,3968.35,3985.10],
[2314.75,2345.85,2409.72,2463.62,2513.45,2538.80,2570.70,2590.35,2867.45,2942.80,2969.90,2998.60,3026.38,3046.40,3069.08,3090.08,3110.60,3134.83,3424.78,3453.18,3491.08,3536.48,3563.70,3584.63,3610.15,3656.40,3950.20,3969.45,3989.05],
[2226.08,2457.78,2480.22,3004.75,3018.25,3395.93,3732.93,3772.28],
[3028.63,3366.85,3383.83,3405.30],
[2048.42,3385.25,3411.25,3527.80,3549.33,3781.53,3803.43,3823.40],
[3247.18],
[2149.27,2536.03,2985.78,3837.85],
[2004.30,2023.73,2521.53,3136.73,3195.60,3212.75,3332.18,3560.90],
[2257.10,2826.60,2880.93,3781.78],
[2120.65,2132.40,2146.57,2317.93,2341.32,2376.10,2398.73,2420.55,2444.83,2466.40,2484.78,2508.88,2532.78,2555.85,2576.12,2596.95,2617.85,2637.25,2655.40,2674.43,2696.12,2713.70,2733.25,2799.65,2973.88,3000.18,3020.08,3045.53,3072.58,3091.15,3117.53,3184.30,3204.63,3227.18,3263.48,3285.35,3327.45,3359.90,3380.15,3410.30,3552.23,3568.23,3586.15,3604.45,3622.18,3639.38,3660.15,3681.80,3784.75,3965.23,3998.48],
[2171.78,2434.67,2890.05,3006.05,3028.55,3070.75,3213.95,3241.13,3273.58,3303.33,3366.28,3389.30,3848.80,3881.88,3956.25],
[2008.05,2137.20,2156.95,2171.65,2230.35,2299.70,2331.30,2371.03,2415.30,2442.18,2477.47,2619.62,2650.23,2689.82,2718.90,2807.18,2852.60,2881.38,2900.97,2918.38,2954.40,2976.75,3016.23,3075.83,3095.33,3162.03,3206.35,3228.98,3253.88,3274.63,3328.78,3401.45,3430.65,3480.98,3645.50,3664.80,3687.55,3717.83,3747.93,3832.95,3860.28,3876.75,3903.15,3927.13,3940.78,3975.23,3994.38],
[2005.25,2136.97,2154.45,2169.68,2184.73,2229.80,2249.47,2319.15,2366.78,2393.43,2420.90,2442.28,2589.05,2651.62,2682.20,2701.33,2729.47,2812.23,2864.12,2891.48,2940.93,2964.18,3008.00,3030.43,3091.18,3202.83,3228.55,3253.65,3272.10,3345.18,3372.95,3402.83,3429.78,3461.78,3488.50,3646.28,3683.43,3712.70,3737.20,3871.00,3895.48,3948.18,3980.18],
[2147.72,2165.90,2182.05,2237.33,2661.25,2690.72,2826.55,3034.08,3060.68,3335.58,3770.35,3818.83,3846.55,3871.40],
[2161.68,2855.42,2967.30,3052.40,3253.33,3294.28,3878.55,3946.35],
[2147.53,2166.90,2424.20,2465.47,2627.05,2665.53,2693.70,2894.22,3043.98,3083.73,3227.70,3256.55,3287.08,3323.93,3393.65,3739.28,3930.13,3995.93],
[2153.38,2166.03,2201.78,2242.20,2319.25,2721.43,2744.60,2779.90,2904.72,2922.80,2942.25,3002.23,3023.35,3084.83,3104.83,3194.75,3283.38,3400.93,3441.30,3719.33,3744.78,3887.10,3915.05,3971.95],
[2177.07,2620.53,2838.33,2863.75,2892.90,3219.43,3248.20,3267.63,3492.88,3979.30],	
[2146.78,2168.65,2463.97,2759.78,2960.38,3219.85,3248.93,3319.35,3381.80,3875.95,3893.10,3917.65],
[2153.62,2671.38,2698.83,2892.35,2994.40,3062.58,3238.95,3282.73,3316.28,3420.18,3914.18,3930.35,3996.30],
[3268.08],
[2457.28,2497.75,2544.20,2580.70,2616.88,2648.10,2676.33,2705.22,2732.93,2768.08,2796.43,2828.20,3134.48,3163.30,3198.38,3546.50,3604.98,3865.35,3896.65,3923.68,3949.63,3976.65],
[2047.30,2533.50,2571.10,2597.83,2626.32,2649.88,2674.97,2701.45,2735.50,2781.78,3069.83,3093.05,3129.95,3166.08,3558.55,3582.23,3607.50,3861.18,3886.68,3908.28,3926.78,3948.23,3993.45],
[2066.78,2505.03,2587.05,2626.75,2659.68,2688.97,2720.25,2792.32,3111.35,3146.70,3174.88,3551.48,3581.90,3895.98,3927.00,3966.33,3997.03],
[2121.18,2138.08,2151.62,2159.85,2173.85,2860.60,2892.78,2907.05,3220.38,3234.88,3244.13,3255.93,3266.13,3274.50,3295.93,3642.38,3655.03,3676.28,3718.58],
[2000.15,2123.95,2136.78,2150.22,2161.60,2173.78,2219.65,2529.72,2542.80,2553.50,2570.05,2588.62,2602.80,2887.88,2902.88,2915.68,2935.00,2948.60,2975.18,3004.20,3212.08,3232.80,3342.85,3354.23,3371.85,3383.75,3399.85,3427.38,3706.23,3751.78,3764.45,3784.80,3794.95,3805.05,3814.58,3828.43,3844.15,3859.03],
[2128.55,2141.48,2157.65,2169.48,2181.27,2212.47,2228.47,2502.95,2514.00,2526.08,2538.00,2550.25,2575.47,2586.08,2878.97,2893.80,2907.35,2918.03,2932.80,2953.47,2964.22,3000.95,3016.55,3058.08,3152.88,3167.95,3346.03,3364.08,3376.13,3391.93,3407.68,3432.60,3826.88,3836.73,3847.20,3866.48,3886.88,3895.88,3908.43,3940.63],
[2011.00,2031.18,2128.53,2144.03,2162.75,2173.62,2183.32,2191.35,2212.22,2239.90,2541.80,2556.12,2572.93,2584.43,2593.68,2610.57,2626.05,2647.00,2663.17,2676.15,2688.15,2700.35,2938.22,2959.68,2969.30,2982.28,2992.93,3008.15,3018.60,3046.35,3060.13,3071.23,3117.68,3137.98,3375.25,3388.10,3414.53,3426.10,3437.05,3449.90,3459.90,3475.65,3495.43,3508.20,3522.90,3536.63,3564.23,3646.63,3658.33,3673.05,3696.45,3709.38,3718.18,3739.40],
[2022.65,2037.68,2060.07,2130.38,2144.07,2154.30,2173.50,2185.00,2196.58,2209.88,2227.03,2240.47,2531.07,2541.95,2551.45,2562.40,2577.83,2599.30,2609.62,2621.42,2633.35,2648.80,2661.03,2673.93,2697.55,2911.72,2926.07,2936.57,2948.08,2958.32,2971.80,2983.78,2995.93,3018.90,3038.35,3053.30,3379.35,3399.30,3456.95,3488.90,3505.15,3524.08,3540.40,3757.50,3778.35,3796.00,3814.13,3883.50,3898.18,3924.50,3944.60,3954.75,3964.03,3977.65,3992.33],
[2129.70,2144.60,2160.12,2170.83,2187.47,2196.65,2208.67,2218.85,2227.45,2525.93,2542.50,2554.23,2568.85,2581.68,2595.30,2612.00,2630.60,2848.17,2925.85,2943.45,2956.03,2966.12,2974.98,2984.88,2995.75,3005.33,3016.83,3026.25,3036.88,3052.58,3064.70,3078.88,3097.48,3114.33,3248.38,3269.43,3284.60,3310.28,3381.03,3400.03,3423.65,3483.23,3496.68,3514.10,3535.05,3552.18,3679.53,3704.40,3828.00,3842.25,3854.05,3865.23,3875.50,3893.00,3903.98,3917.15,3933.03,3960.50]]